points: 60	dim: 3
For Cluster 0

	-0.304842	-0.08357	-0.708704

Covariance matrix
	2.186891	0.434548	-0.040017
	0.434548	4.668823	0.509944
	-0.040017	0.509944	5.77971

Correlation matrix
	1.0	0.135994	-0.011256
	0.135994	1.0	0.098167
	-0.011256	0.098167	1.0

For Cluster 1

	-2.31703	0.32976	0.086826

Covariance matrix
	0.552232	0.571987	-0.27105
	0.571987	4.608774	-0.544164
	-0.27105	-0.544164	2.453554

Correlation matrix
	1.0	0.358536	-0.232858
	0.358536	1.0	-0.161823
	-0.232858	-0.161823	1.0

For Cluster 4

	2.383304	-0.425168	-0.056665

Covariance matrix
	0.61031	0.546535	-0.222284
	0.546535	4.350145	-0.509093
	-0.222284	-0.509093	2.29524

Correlation matrix
	1.0	0.335422	-0.18781
	0.335422	1.0	-0.161113
	-0.18781	-0.161113	1.0

For Cluster 5

	0.652571	0.208266	2.993621

Covariance matrix
	0.804324	0.453454	-0.111518
	0.453454	2.97669	0.119048
	-0.111518	0.119048	0.182081

Correlation matrix
	1.0	0.293056	-0.291404
	0.293056	1.0	0.161705
	-0.291404	0.161705	1.0

